321 523 42 -442 -76 1013 488 -629 -867 314 -104 -378 70 -477 6 244
196 -182 -35 49 478 -433 80 -40 -360 345 -66 153 229 210 93 -85
91 169 311 419 -544 112 582 -86 636 -804 306 -268 -627 778 -223 84
-138 -412 130 185 -302 482 -42 -21 443 -133 331 141 -433 -29 216 102
-78 482 29 -328 241 -387 432 -410 6 -664 539 159 205 468 258 216
-307 -209 147 -281 220 511 339 248 412 -112 -109 77 -733 -376 318 151
403 239 70 -211 -333 164 -144 -68 709 -426 -23 -258 571 -493 121 -305
358 -400 328 -187 331 109 493 -198 -90 84 455 539 155 -201 -334 150
-412 -424 -181 -109 27 686 181 -566 -97 335 366 211 378 301 92 -20
-291 501 126 -375 -45 -476 505 376 356 -234 634 -379 509 -796 694 255
