-1 -11 -6 19 -21 4 14 29 9
9 6 2 1 3 8 7 4 5
-10 18 28 0 19 -1 10 8 9
-17 23 7 31 -1 -21 3 -25 27
16 -23 7 10 -5 25 -8 1 -14
-4 22 -14 -1 7 14 4 10 -8
41 8 -13 -25 62 29 20 -4 -46
30 28 -30 0 29 -29 -28 -1 1
25 26 9 -7 -24 -8 42 10 8
30 13 -39 -5 -22 21 47 -13 4
9 -3 7 0 4 12 15 10 3
21 -9 -2 7 6 5 -1 13 14
1 -24 1 26 -1 -26 -27 26 27
8 23 -9 41 -27 10 -11 6 25
4 5 15 3 27 -8 -19 -7 16
3 23 10 -6 -19 -34 40 -27 31
37 1 -27 33 42 6 -30 -23 9
-19 -12 17 37 30 58 3 -40 10
20 -10 24 9 -14 -28 40 1 6
-10 18 20 -8 6 7 3 23 -11
4 29 5 -8 16 -21 -9 17 3
11 2 -24 -13 -11 0 13 24 -2
-20 27 28 4 -43 51 5 6 -19
-7 -11 17 1 21 13 -3 5 9
10 5 0 5 0 5 10 0 10
-18 41 24 -35 -14 -1 3 7 20
7 -8 22 11 -4 14 18 3 0
-3 9 5 1 -7 13 17 -15 25
32 -5 21 7 -9 -20 17 3 11
3 17 -5 9 -19 -11 -26 30 23
-10 -15 9 5 -28 38 23 -1 18
-7 15 40 -20 17 -9 28 -30 5
-9 8 23 -11 25 -42 -27 58 41
3 -1 15 -7 7 -20 11 24 -11
-9 41 -23 2 16 9 27 34 -16
-22 9 38 -27 41 5 8 -25 39
30 3 -15 12 21 -24 -6 -6 12
12 24 -9 -6 7 15 -18 1 4
3 -2 -8 14 2 8 -3 4 9
3 -11 17 -5 11 23 -3 -17 9
-6 43 -13 22 -27 29 64 -48 8
-9 -6 22 8 -12 25 5 11 28
13 -64 82 -29 44 10 -26 47 7
6 12 6 12 19 -2 -9 6 -2
32 6 -37 -16 12 -13 53 29 9
-1 2 2 3 5 0 2 0 -1
8 22 -4 -19 -8 33 18 4 12
3 15 -20 19 -3 9 -9 25 36
8 6 0 -6 14 -2 -8 -14 2
-10 9 -14 28 7 32 -12 30 11
12 2 8 -12 6 -4 -8 16 -2
33 32 8 -17 -16 34 7 -18 9
3 -16 28 9 22 -3 -10 16 -22
18 21 24 -7 -10 -4 4 7 10
-32 -4 12 -24 5 -59 32 40 69
30 17 20 4 7 10 -6 -16 -3
-4 20 31 -17 18 -30 7 44 -6
9 47 24 31 16 -31 -8 2 -15
3 7 55 -25 -49 31 -21 27 -1
5 -13 -8 27 21 16 -1 9 -17
-36 1 11 -26 -62 62 36 -9 26
11 28 24 21 9 -8 5 -10 -5
-6 -1 -3 15 5 -11 10 2 7
-38 -24 42 -9 -5 23 56 10 29
-26 24 -29 1 26 -3 3 29 -22
4 -20 8 12 -12 -4 -8 0 20
22 5 10 -19 -2 -14 -8 16 29
28 -18 1 17 -10 20 9 36 -2
-21 26 17 1 4 21 -24 -17 -4
11 17 3 9 -11 -17 23 -5 -3
25 -15 -9 11 5 -1 19 31 -21
9 -13 30 -24 -8 14 -1 4 19
2 -19 23 23 0 -21 2 24 -22
-16 9 0 -24 16 -7 40 32 25
9 -24 30 37 -18 4 -3 -29 24
-1 -5 17 21 12 8 3 4 13
-8 -21 -7 33 6 19 47 20 -35
-24 -21 -23 30 4 29 4 2 29
1 -11 -4 14 17 22 31 10 4
-10 -2 22 14 6 38 30 -26 -18
15 -4 -13 -3 -9 11 5 2 8
54 -61 4 16 -34 -48 42 -10 67
-4 -12 4 -8 1 12 -15 17 8
6 10 0 15 10 21 0 -9 -5
57 36 -18 46 -3 19 -41 9 -30
-26 -33 22 -18 2 28 35 8 -6
3 7 19 -9 -1 11 23 -5 15
-4 -23 -7 4 20 13 31 -14 10
-28 44 8 -23 39 49 3 13 -33
36 1 -34 -29 31 -4 -39 41 6
7 -21 27 19 -1 3 23 -13 -17
3 36 49 -30 -10 -43 16 23 -17
5 7 12 -7 -2 -5 -12 0 2
-26 0 2 -2 -28 26 -30 28 30
-11 -7 7 1 11 -4 16 4 -14
-31 1 -28 -2 4 33 -34 36 30
20 -6 -6 7 20 7 -5 21 8
-21 27 23 7 20 4 -1 -12 -17
18 0 8 -1 -6 5 -10 14 11
-7 56 -44 -57 19 82 -70 6 69
