6 24
3 0 57
1 1 98
5 4 1
1 4 15
4 5 20
5 1 54
0 3 86
3 0 16
1 4 42
5 2 1
2 1 83
2 4 88
5 1 42
4 4 17
5 1 96
5 4 73
2 3 87
1 5 13
2 0 42
2 4 50
5 4 44
1 4 2
5 3 78
4 2 35
2 22
1 1 55
0 1 25
0 1 63
0 1 0
1 0 75
0 1 8
0 0 80
1 1 80
0 0 22
0 0 5
1 0 10
1 0 50
0 1 46
1 1 52
1 1 67
0 1 35
1 1 11
0 0 66
0 1 89
1 1 11
0 0 11
1 0 31
7 24
6 2 50
1 4 51
4 2 85
4 6 8
6 3 16
6 2 21
5 0 70
6 2 49
3 6 35
4 6 19
2 6 55
2 0 14
3 5 82
6 4 11
5 2 32
2 6 33
2 6 68
6 5 79
2 0 70
1 1 6
0 1 26
3 0 15
5 2 10
0 6 55
5 24
1 2 5
4 2 66
4 0 56
0 0 80
3 4 46
4 1 33
3 3 5
2 0 75
2 1 97
3 1 62
4 3 97
4 2 69
3 1 96
1 1 2
2 0 82
0 3 49
2 2 84
1 1 19
1 4 56
2 0 33
3 1 30
2 1 29
3 1 97
4 4 3
5 24
1 4 19
1 4 0
2 0 78
2 4 98
0 3 53
2 4 64
0 4 15
1 0 53
2 3 88
0 4 1
3 2 3
3 0 85
3 4 94
2 2 25
2 3 38
3 3 20
2 3 34
1 3 45
3 4 44
4 0 62
4 3 65
0 2 47
4 1 88
4 0 54
4 24
2 0 0
2 2 14
3 0 65
2 3 71
3 0 19
3 3 71
1 1 26
1 0 44
3 1 16
2 1 57
3 1 38
3 3 82
3 1 90
2 3 14
1 2 18
2 0 43
3 2 7
3 2 2
3 3 11
1 2 39
2 2 56
3 0 87
2 0 55
3 0 83
6 24
4 3 79
2 5 91
2 4 42
3 1 33
0 3 12
1 0 27
4 1 59
1 3 45
5 1 23
4 4 2
3 3 4
5 5 20
4 1 89
0 1 51
4 5 65
1 3 38
5 4 36
1 0 80
1 2 69
5 4 33
1 2 14
0 4 92
2 4 32
2 0 23
6 24
2 5 36
5 3 52
1 5 42
0 0 20
2 3 76
3 3 55
0 0 56
5 2 54
4 3 14
4 2 92
0 5 96
2 1 91
2 3 48
2 5 27
3 1 42
3 3 83
1 0 75
0 5 81
0 0 0
4 3 86
0 0 81
5 5 42
3 3 50
0 3 33
7 24
6 2 44
3 2 70
2 6 19
6 3 64
2 6 5
6 2 90
1 5 61
4 0 54
0 4 48
4 4 50
4 0 19
4 5 42
2 2 83
6 0 23
5 1 55
6 1 67
6 3 66
1 3 94
4 2 88
1 3 74
4 3 31
5 2 19
2 6 37
1 6 64
2 21
1 0 74
1 0 16
0 0 68
0 0 67
0 0 75
1 1 3
1 1 74
0 1 37
1 0 13
1 0 98
0 0 8
0 0 49
0 0 91
0 1 45
1 0 22
1 1 40
1 0 97
0 0 46
1 1 80
1 1 2
0 1 14
